%% KONSTANTEN
function c = Konstanten()
    c.J1 = 0.01186;
    c.J2 = 0.0005711;
    c.c1 = 0.04;
    c.c2 = 0.0001;
    c.m1 = 0.826;
    c.m2 = 0.583;
    c.l1 = 0.1053;
    c.l2 = 0.14;
    c.Kb = 0.0987;
    c.Kt = 0.0987;
    c.Ra = 1.5562;
    c.g = 9.81;
end